-0.36224 0.21206 0.85982 0.27087 1.17843
0.14340 -0.19901 0.22513 0.48545 0.33130
-0.26520 0.45675 0.71806 0.33373 0.69730
-0.11169 0.25576 0.49435 0.30694 0.43426
1.54698 0.03660 0.56537 0.73579 0.40979
0.53683 0.12705 0.28882 0.40764 0.10279
-0.43068 0.95073 0.37554 0.51606 0.88697
1.53656 0.32107 0.84727 0.53216 0.26831
1.23143 0.22301 0.42673 0.60997 -0.42942
0.65522 0.31650 0.57342 0.61759 0.71578
-0.20850 -0.41103 -0.16849 0.03801 0.04245
0.31649 0.84031 0.28328 0.51099 1.12190
-0.04658 0.55868 0.37908 0.30266 0.91131
0.59835 0.26686 0.39547 0.63123 -0.28782
0.54262 0.59300 0.49280 0.64410 1.03696
-0.35108 0.74755 0.77699 0.84697 1.48529
1.19495 0.54933 0.59286 0.44019 0.49705
1.71741 0.37624 0.24704 0.59812 0.74068
2.52039 0.15814 0.35331 0.12138 1.18105
0.30804 0.74870 0.44575 0.48553 0.42659
1.01536 -0.40829 0.63345 0.63913 -0.55914
0.25190 -0.11691 0.01847 0.18848 -0.17607
0.28371 0.85613 0.28247 0.60242 0.46823
-0.03248 0.35703 -0.03859 0.84891 0.48167
-1.93653 -0.00899 0.53067 0.18458 0.52865
1.77900 1.25506 0.36064 0.37484 0.24884
0.22187 -0.01569 -0.31109 0.19932 0.34238
0.78129 -0.28661 -0.00041 0.44821 0.39245
0.77677 0.22249 0.70978 0.80570 0.41169
1.18834 0.47185 1.12323 0.84658 0.37636
1.19908 0.42223 0.57696 0.55993 1.22276
-0.24197 0.53394 0.17550 0.96813 -0.00349
-0.83878 0.35048 0.72452 0.55467 0.27489
0.24323 -0.20882 0.49887 0.62355 0.68016
-0.24075 -0.25003 -0.34929 0.14038 0.55595
1.01459 0.46396 0.32550 0.90324 0.76352
0.08957 -0.07276 0.20635 0.08202 -0.14980
-0.37415 0.85158 0.56806 0.35897 0.39144
1.01284 0.26189 0.23575 0.49776 0.76219
0.51171 -0.19987 -0.12028 0.84981 0.07658
0.93770 -0.20707 -0.01126 0.26339 0.64060
-1.04674 0.11704 0.48547 0.07389 0.11810
0.63561 0.42496 -0.09811 0.41687 0.61806
-0.75483 0.86293 0.14907 0.27314 0.22557
0.67377 -0.46199 -0.19535 0.38694 0.07134
-0.84638 0.39322 -0.00479 0.19397 0.39599
-0.48827 -0.55754 -0.35789 0.51253 0.60685
-0.35679 0.11650 0.28266 0.45383 0.61743
0.65463 -0.00079 0.48543 0.80520 0.44697
0.92333 0.11293 0.86925 0.46897 0.08867
-0.44079 -0.03911 0.12637 0.22066 0.35729
0.55119 0.54871 0.49800 0.24500 1.06036
-0.49109 0.54357 0.23168 0.81725 0.70013
1.53727 -0.30607 0.02372 0.80364 1.34231
-1.68732 -0.89323 -0.26634 0.24332 0.19087
0.15559 0.61675 0.54594 0.55377 0.62503
-0.45198 -0.41823 -0.15292 0.59387 0.21468
-1.10905 0.58035 0.03368 0.42069 1.04944
0.46650 0.79614 0.84214 0.58013 0.75485
1.20493 0.56342 0.64937 0.38431 0.65272
-0.09257 0.20587 0.06647 0.29754 0.53759
0.82599 0.43089 -0.39444 0.17701 0.60471